trials,wait_duration_before_circle
1,0.976513865
2,0.41694564
3,1.112429629
4,0.279439158
5,1.062084298
6,1.057817434
7,0.862570542
8,0.204549693
9,0.618142448
10,0.858059558
11,0.996626798
12,0.9755314
13,0.916098692
14,0.732296768
15,0.476353594
16,0.455398607
17,0.176464313
18,1.109297425
19,1.046996343
20,0.817546435
21,0.211427479
22,0.329769563
23,0.728191816
24,0.509850279
25,0.41473797
26,0.319409309
27,0.705338694
28,0.893279427
29,0.804812852
30,0.328974106
31,0.710209916
32,0.956472485
33,0.865944184
34,1.035192603
35,0.586877469
36,0.751610847
37,0.655223381
38,0.374500283
39,0.459081499
40,0.52826069
41,0.418906539
42,0.354677352
43,0.180089913
44,0.184474353
45,1.084305938
46,0.524702
47,0.804331843
48,0.348904966
49,1.106819998
50,0.219743128
